0.000000000000000000e+00 5.004479620030609800e-04 1.252456176695923616e-03 1.729173894608797767e-04 9.710239189718580322e-04 8.181069792650489097e-04 -1.861974961660964149e-04 6.015709478223135297e-04 5.260270833403440493e-04 -2.319766547532590192e-04 1.068214738732071867e-05 1.752325010233982374e-05 1.449793537154745219e-04 6.418548677119143898e-05 -6.968607760838519609e-05 -1.503735522901936453e-04 1.451215840929504101e-05 -8.398202584546670031e-05 -7.478385027804274987e-05 1.734555762637905637e-05 5.429044130425965224e-05 -4.982976615150724051e-05
-5.004479620030609800e-04 0.000000000000000000e+00 3.896678713643962817e-04 -1.838097565324573520e-03 8.651577792506130737e-03 8.105079779682617357e-04 1.278085451341455514e-03 8.589757060272373195e-04 3.945964292386302500e-04 2.728654734397425530e-04 2.411730385644662259e-04 1.241697945918182426e-04 -5.689118954852400659e-05 -7.112975180704003307e-05 9.636818736436220773e-05 8.263783478260464295e-05 -1.386445063260086227e-04 -3.662213052953362281e-05 2.738501850779248643e-05 -5.199940527304883706e-06 2.640873830531385326e-05 1.492682098248356523e-05
-1.252456176695923616e-03 -3.896678713643962817e-04 0.000000000000000000e+00 -1.281618260079672744e-04 2.688429851290440801e-04 -6.634181976214501388e-05 1.094751292737050456e-03 -1.563545187740605132e-03 -3.960495975299240749e-04 -8.050383135808289459e-04 1.270779424807881727e-04 -1.400487011436665210e-04 1.217957288648159195e-05 3.372784574363261550e-05 -1.138768245537485273e-04 1.452679104403832436e-04 -2.911296040306077823e-05 9.007239589317418462e-07 -3.496611941581860008e-05 -1.906116442956262317e-05 -3.304220352087704443e-05 6.692238320723118620e-05
-1.729173894608797767e-04 1.838097565324573520e-03 1.281618260079672744e-04 0.000000000000000000e+00 -7.061061789126446466e-04 5.491130253988990746e-04 -1.849662127499458221e-03 -1.281278544807181417e-03 4.176121866119879462e-04 2.379328932438671629e-04 2.539674076519797346e-04 7.785560431610545010e-05 1.105006101295723285e-04 4.072334436958618801e-05 -1.055225922915899568e-04 8.549967711334453246e-06 2.111976540787838556e-04 -2.767779682744470074e-05 1.274485760706615815e-04 3.181367131483246052e-05 -1.483469919591113743e-05 -2.313423261694059460e-05
-9.710239189718580322e-04 -8.651577792506130737e-03 -2.688429851290440801e-04 7.061061789126446466e-04 0.000000000000000000e+00 1.189189564062877354e-03 -9.490842742100498441e-04 -1.017378751800043649e-03 4.716732474330510806e-04 -7.229906906670985605e-04 1.125912831920460191e-04 -2.361405466197639914e-04 3.649516288877159201e-05 -3.482561049634285680e-05 -2.253248697329069569e-05 -1.441363670265220933e-05 2.820631777900070881e-05 1.791775128516049834e-05 1.147153910857895008e-04 -4.325855801066651440e-05 -1.298607550467679132e-05 3.856053818931325469e-05
-8.181069792650489097e-04 -8.105079779682617357e-04 6.634181976214501388e-05 -5.491130253988990746e-04 -1.189189564062877354e-03 0.000000000000000000e+00 1.484913556263226268e-03 -4.802798140542859084e-03 4.266363297929940714e-03 4.510676110261339694e-04 -9.626453642232919716e-04 -5.156402243855871944e-04 8.874243058373805601e-06 1.168141501793837909e-04 -4.005575936666448764e-04 1.599174308072423719e-04 -1.489663260150744166e-04 -6.878442087257614023e-05 1.427145773016082404e-04 2.047504340739912792e-05 8.142231956063216813e-05 -6.997450010808991061e-06
1.861974961660964149e-04 -1.278085451341455514e-03 -1.094751292737050456e-03 1.849662127499458221e-03 9.490842742100498441e-04 -1.484913556263226268e-03 0.000000000000000000e+00 3.246546352639079723e-03 -3.531123637866630553e-04 6.603271971718810310e-05 -1.631594938033097532e-04 -1.290691632344966055e-04 -7.636265285846143621e-05 -1.128526791439081131e-05 -1.057823616828608508e-04 5.961219486946713850e-05 -1.125155227260580252e-04 -1.818443932616400045e-05 -1.067762450582891270e-04 -1.262912154994407926e-05 2.469172262200060262e-05 -5.291066810024316506e-05
-6.015709478223135297e-04 -8.589757060272373195e-04 1.563545187740605132e-03 1.281278544807181417e-03 1.017378751800043649e-03 4.802798140542859084e-03 -3.246546352639079723e-03 0.000000000000000000e+00 1.227191148166932588e-03 -1.046362727733793048e-03 -3.899704355174035621e-04 1.674321735938180775e-05 -1.253035440475142362e-04 8.535298107925089845e-06 1.436781680195609030e-05 1.543070011701676530e-04 -1.537895239200190098e-04 3.510153121026256712e-05 -4.216414950486526623e-05 2.687672868716318945e-05 1.107076063578822047e-05 -3.028216876519925987e-05
-5.260270833403440493e-04 -3.945964292386302500e-04 3.960495975299240749e-04 -4.176121866119879462e-04 -4.716732474330510806e-04 -4.266363297929940714e-03 3.531123637866630553e-04 -1.227191148166932588e-03 0.000000000000000000e+00 -6.477220387920271973e-04 1.982343377698957251e-04 6.270582802139050300e-04 -3.754836947843652771e-05 -2.443344286948688515e-04 1.851115503699928358e-04 2.047762972670491035e-04 -7.833689781425102105e-05 8.415621642604555425e-05 1.306538377759993688e-04 -1.217612122448996496e-04 5.582873329609872352e-05 -5.892410263237842506e-08
2.319766547532590192e-04 -2.728654734397425530e-04 8.050383135808289459e-04 -2.379328932438671629e-04 7.229906906670985605e-04 -4.510676110261339694e-04 -6.603271971718810310e-05 1.046362727733793048e-03 6.477220387920271973e-04 0.000000000000000000e+00 -7.834591279720607045e-04 -1.019651746907623314e-03 6.577246674398381458e-05 7.706955726683652089e-05 -1.224027416823595153e-04 1.080779262252232707e-04 -2.281084842659789801e-05 -4.005916644851219017e-05 7.345502984282505012e-05 -9.971755762680390448e-06 1.443536598479830077e-05 -4.476858938627364807e-05
-1.068214738732071867e-05 -2.411730385644662259e-04 -1.270779424807881727e-04 -2.539674076519797346e-04 -1.125912831920460191e-04 9.626453642232919716e-04 1.631594938033097532e-04 3.899704355174035621e-04 -1.982343377698957251e-04 7.834591279720607045e-04 0.000000000000000000e+00 -1.162976245435337966e-02 4.531681849608222204e-05 -6.154238555487336168e-05 -9.539713458305296232e-05 -2.077409751149645093e-04 -2.236948975334901327e-04 8.782201891010194613e-05 -6.201049324215940752e-05 -1.623038190643001901e-05 -8.576398491286079415e-05 -9.701913922646585690e-06
-1.752325010233982374e-05 -1.241697945918182426e-04 1.400487011436665210e-04 -7.785560431610545010e-05 2.361405466197639914e-04 5.156402243855871944e-04 1.290691632344966055e-04 -1.674321735938180775e-05 -6.270582802139050300e-04 1.019651746907623314e-03 1.162976245435337966e-02 0.000000000000000000e+00 -1.787600000000000000e-04 -1.834964596962272709e-04 2.003950557669829859e-04 -5.838696451190374169e-05 -7.030849047711158089e-05 1.165897661231346907e-04 1.120181586203685190e-04 -8.432594097914599527e-06 1.849061799954117042e-05 -1.244138348321871949e-05
-1.449793537154745219e-04 5.689118954852400659e-05 -1.217957288648159195e-05 -1.105006101295723285e-04 -3.649516288877159201e-05 -8.874243058373805601e-06 7.636265285846143621e-05 1.253035440475142362e-04 3.754836947843652771e-05 -6.577246674398381458e-05 -4.531681849608222204e-05 1.7876000000000000000e-04 0.000000000000000000e+00 2.558800000000000000e-04 1.807359382225779605e-05 -1.530174333465078769e-04 3.213962775982663112e-04 -1.557423706843594560e-04 -9.256477137544087490e-05 -4.918052880776461951e-05 5.070789185850783627e-05 1.221375400228115021e-05
-6.418548677119143898e-05 7.112975180704003307e-05 -3.372784574363261550e-05 -4.072334436958618801e-05 3.482561049634285680e-05 -1.168141501793837909e-04 1.128526791439081131e-05 -8.535298107925089845e-06 2.443344286948688515e-04 -7.706955726683652089e-05 6.154238555487336168e-05 1.834964596962272709e-04 -2.558800000000000000e-04 0.000000000000000000e+00 -3.900000000000000000000e-03 -4.735799757763998802e-05 -3.102125223107387447e-04 -5.490119760335875759e-04 1.686763345182457140e-04 -5.266355666586395147e-05 1.048887810737316150e-04 -1.466186034843975706e-04
6.968607760838519609e-05 -9.636818736436220773e-05 1.138768245537485273e-04 1.055225922915899568e-04 2.253248697329069569e-05 4.005575936666448764e-04 1.057823616828608508e-04 -1.436781680195609030e-05 -1.851115503699928358e-04 1.224027416823595153e-04 9.539713458305296232e-05 -2.003950557669829859e-04 -1.807359382225779605e-05 3.90000000000000000000e-03 0.000000000000000000e+00 -1.20000000000000000000e-03 -2.920180103622563631e-04 2.779675682909197039e-05 -7.572261302142749539e-06 2.342524781968569286e-04 -3.127525854575076181e-05 -1.887548527934896768e-04
1.503735522901936453e-04 -8.263783478260464295e-05 -1.452679104403832436e-04 -8.549967711334453246e-06 1.441363670265220933e-05 -1.599174308072423719e-04 -5.961219486946713850e-05 -1.543070011701676530e-04 -2.047762972670491035e-04 -1.080779262252232707e-04 2.077409751149645093e-04 5.838696451190374169e-05 1.530174333465078769e-04 4.735799757763998802e-05 1.2000000000000000000e-03 0.000000000000000000e+00 -5.072912862502341200e-04 1.845553234786576242e-03 2.453200919321305712e-04 -1.808155422423210002e-04 3.329884007653583899e-04 6.961757088266685794e-05
-1.451215840929504101e-05 1.386445063260086227e-04 2.911296040306077823e-05 -2.111976540787838556e-04 -2.820631777900070881e-05 1.489663260150744166e-04 1.125155227260580252e-04 1.537895239200190098e-04 7.833689781425102105e-05 2.281084842659789801e-05 2.236948975334901327e-04 7.030849047711158089e-05 -3.213962775982663112e-04 3.102125223107387447e-04 2.920180103622563631e-04 5.072912862502341200e-04 0.000000000000000000e+00 -2.345044485100112545e-03 1.928516442601631634e-05 -8.491253526432720859e-05 -2.017250932911355426e-04 1.161441499020787781e-04
8.398202584546670031e-05 3.662213052953362281e-05 -9.007239589317418462e-07 2.767779682744470074e-05 -1.791775128516049834e-05 6.878442087257614023e-05 1.818443932616400045e-05 -3.510153121026256712e-05 -8.415621642604555425e-05 4.005916644851219017e-05 -8.782201891010194613e-05 -1.165897661231346907e-04 1.557423706843594560e-04 5.490119760335875759e-04 -2.779675682909197039e-05 -1.845553234786576242e-03 2.345044485100112545e-03 0.000000000000000000e+00 -4.729632980671688927e-04 4.178826528143525509e-04 -7.763747935992172970e-04 -2.404807374743623410e-04
7.478385027804274987e-05 -2.738501850779248643e-05 3.496611941581860008e-05 -1.274485760706615815e-04 -1.147153910857895008e-04 -1.427145773016082404e-04 1.067762450582891270e-04 4.216414950486526623e-05 -1.306538377759993688e-04 -7.345502984282505012e-05 6.201049324215940752e-05 -1.120181586203685190e-04 9.256477137544087490e-05 -1.686763345182457140e-04 7.572261302142749539e-06 -2.453200919321305712e-04 -1.928516442601631634e-05 4.729632980671688927e-04 0.000000000000000000e+00 -2.639722607037156381e-03 -5.302798218483230483e-05 -5.536828643614665185e-04
-1.734555762637905637e-05 5.199940527304883706e-06 1.906116442956262317e-05 -3.181367131483246052e-05 4.325855801066651440e-05 -2.047504340739912792e-05 1.262912154994407926e-05 -2.687672868716318945e-05 1.217612122448996496e-04 9.971755762680390448e-06 1.623038190643001901e-05 8.432594097914599527e-06 4.918052880776461951e-05 5.266355666586395147e-05 -2.342524781968569286e-04 1.808155422423210002e-04 8.491253526432720859e-05 -4.178826528143525509e-04 2.639722607037156381e-03 0.000000000000000000e+00 3.438539071391892078e-04 -2.025494473676011905e-04
-5.429044130425965224e-05 -2.640873830531385326e-05 3.304220352087704443e-05 1.483469919591113743e-05 1.298607550467679132e-05 -8.142231956063216813e-05 -2.469172262200060262e-05 -1.107076063578822047e-05 -5.582873329609872352e-05 -1.443536598479830077e-05 8.576398491286079415e-05 -1.849061799954117042e-05 -5.070789185850783627e-05 -1.048887810737316150e-04 3.127525854575076181e-05 -3.329884007653583899e-04 2.017250932911355426e-04 7.763747935992172970e-04 5.302798218483230483e-05 -3.438539071391892078e-04 0.000000000000000000e+00 -7.082787625096324856e-04
4.982976615150724051e-05 -1.492682098248356523e-05 -6.692238320723118620e-05 2.313423261694059460e-05 -3.856053818931325469e-05 6.997450010808991061e-06 5.291066810024316506e-05 3.028216876519925987e-05 5.892410263237842506e-08 4.476858938627364807e-05 9.701913922646585690e-06 1.244138348321871949e-05 -1.221375400228115021e-05 1.466186034843975706e-04 1.887548527934896768e-04 -6.961757088266685794e-05 -1.161441499020787781e-04 2.404807374743623410e-04 5.536828643614665185e-04 2.025494473676011905e-04 7.082787625096324856e-04 0.000000000000000000e+00